# Classes: pvs,hol4,mizar,coq,lean,isabelle,agda
# Features: 22
# Weights:
-0.0036335748145177754 -0.014692882055065463 0.00517130881450359 -0.014624467959172898 0.011035883018237679 -0.004397250817930096 0.00965660749556397 -0.015410623950236279 -0.01733183409760652 -0.017799429142766356 -0.010510344212689204 -0.00454048384037065 -0.0078565682978007 -9.39762193643709e-6 0.003682069358154837 0.0021439234093920106 -0.0083518284094168 -0.0030215190432626303 0.0011927996180139382 -0.01535709285272317 0.0009472381288388941 -0.004039933888298552
0.002517372155742292 -0.02114334831130985 0.014472238915818758 0.013009715392603625 0.006638827324729892 0.006298828493988105 -0.0016523436268962189 -0.0061970509163318315 -0.00907370932574189 0.009583480063101281 -0.012290887130815225 0.0004495140479081785 -0.004080986981389409 -0.015007761311216228 -0.0004656094092083756 0.015294442502878553 0.009552537029900053 0.005235458351511042 -0.0014555523193584155 -0.00848396634842909 -0.003275986185712264 -0.01036580540904315
-0.0031498797116895605 0.00043781662030610883 -0.0009307792119019635 0.022662797122662087 0.0017127065460959456 -0.0006961219651922648 -0.0017095944348761516 0.00635704712661536 0.02320923578915804 -0.011732524189956186 0.009300043221624539 -0.007922834268552734 -0.017267994802981395 0.0026292474430434838 0.017081843190508057 0.0027437291327913876 0.012438797492400726 0.0031656310405517815 0.0044552602666719995 0.005531412268919781 0.015206780293689869 -0.0104568578609413
-0.0031125240132442067 -0.00825334549975069 -0.012725855703776923 0.01512392007786763 0.011199182981069984 -0.007789119879113274 -0.008151152486093221 -0.004786228106192023 0.00023951142448850362 0.005415424548443852 -0.00032029723276023235 0.003732453333416736 0.005570765697275968 -0.010611177539602413 -0.010310474066155366 0.017290779271442208 0.006091662702133595 -0.002370483772433455 -0.0030134092697036243 -0.011037543534623367 0.004821687376476987 0.0015689382038116472
0.008163067649323274 0.00840288523245819 0.03615096157262163 0.006488490404135202 0.019207540740525254 -0.008787419860341008 -0.009005453041906385 0.00994695672738108 0.012252970583943697 -0.02125125452379067 -0.008915781866049348 -0.014046570107964054 -0.003914536476104827 0.010364206513956815 -0.0014441362324311862 -0.008785126410853808 -0.003407882587838508 -0.009960953449205704 0.008186630238216842 0.014415482163586306 0.0034803310071865037 -0.0049039438783027205
0.004767383798318779 0.004338858743048611 -0.0009658102196264856 0.008999443097509224 0.008006488606751957 0.0024405273121747883 -0.0019300716396225299 0.0033033522855509014 0.01304371943276669 -0.004910145956895038 0.009147784914448018 -0.012347689825091573 -0.00250762503705424 0.007234646890415947 -0.01626918126944347 -0.004280582287959271 -0.018623610290958062 0.001988336011285409 0.0028296375062712314 -0.008629724210773512 0.010797802284882932 -0.0020661311448119265
-0.008595553820616213 -0.003954398407537453 -0.01382810701683701 0.002841579102153428 -0.0038561104852039303 0.0032237293728001543 -0.00998374193464542 0.00377489040241215 -0.004400172451059574 -0.005443474742221707 -0.015956142844569303 -0.0012530686450201148 0.010218390547808818 0.008541604336744864 -0.0006217490931366065 -0.0027271841265920195 -0.018071566859269462 0.0013710652322055838 -0.006860122522560356 -0.004087143648584352 0.007199706419742407 -0.0031074387308373413
# Bias:
-1.9687528382969552 -1.1554048176714182 -0.0516115916509904 1.3866900850442523 1.2806974625567324 1.066065157431459 -0.5576834574130999
